43.583015868272554	0.1496294259266089	2.4	-0.6512880336507652
43.38834074682765	0.14776680089881053	2.4	-0.6769031726608608
43.3587128711668	0.1411807967671911	2.4	-0.5711688010419937
43.33801116887352	0.1566947317385213	2.4	-0.47488484662667496
43.235091927375606	0.16654806268945926	2.4	-0.5550312574950104
43.120768786805996	0.16876755945221994	2.4	-0.47874756946527064
43.15597708210285	0.19115918108304675	2.4	-0.4126269840208373
43.06363381827475	0.2051023448503272	2.4	-0.4874222672716678
42.91026210392121	0.21522879441824005	2.4	-0.4287407147922495
42.857152543654166	0.23891651709061934	2.4	-0.23879371268473948
42.74493290650952	0.2812598913029507	2.4	-0.15619546388740002
42.57781446132225	0.31967978772467853	2.4	-0.2546839745209425
42.44033657395502	0.34634821327526066	2.4	-0.3090895555924785
42.20679735828895	0.376168873212431	2.3	-0.22550268106402893
42.04694622991022	0.4087073615913785	2.3	-0.32348635653708835
41.74541140329316	0.4227723297632812	2.3	-0.4763790728728522
41.53687883423194	0.4296047829333447	2.3	-0.40900037384908483
41.34157181224819	0.45466136292006565	2.3	-0.4201453397846232
41.379252188554545	0.45992269653526474	2.3	-0.512305026395813
40.98939594808513	0.469841867244201	2.3	-0.43055047674375646
40.875206013875356	0.48819156838708266	2.3	-0.3589293834649423
40.54573754831259	0.5103105067959319	2.2	-0.21354619562603527
40.54607741374113	0.5448555900201124	2.2	-0.10767263219863821
40.09544446180004	0.5855239553331115	2.2	-0.10993465784063106
40.04256946902996	0.6198607711425198	2.2	-0.27095712943265693
39.41046034082285	0.6344809432300563	2.2	-0.5013142846371292
39.24974734596603	0.6295185198150927	2.1	-0.4999973878058638
38.83855116795428	0.6363625555178873	2.1	-0.3676638707556187
38.57404365659795	0.6528437897087594	2.1	-0.38842408068743073
38.16885673125179	0.6561223732183273	2.1	-0.47744981572057377
37.96532346344242	0.6570617994808696	2.1	-0.40982866396751283
37.50604680098999	0.6712372538442783	2.0	-0.231421011329015
37.32799147339415	0.6943680476866424	2.0	-0.16571105780885675
36.95420108543908	0.7196941356023904	2.0	-0.24126758439403467
36.631445739312326	0.7301135747417212	2.0	-0.34791475257851945
36.127434952575896	0.7372967100935729	1.9	-0.36578570747214606
36.00326159644938	0.7374226239404191	1.9	-0.42832540592532464
35.44638599693465	0.7339703642704861	1.9	-0.43859587285838036
35.22200721741389	0.7313446000995901	1.9	-0.4360811401178806
34.62597892001416	0.7278650020262803	1.8	-0.3288488936579434
34.582880010476345	0.7360079135040141	1.8	-0.23036161413687234
34.11537918416376	0.749027319623533	1.8	-0.2575062697041563
33.893977779365855	0.7521302982835048	1.8	-0.37830944882469913
33.41877858111363	0.7447101226225298	1.8	-0.4740931751410222
33.10872116939403	0.7309284555924073	1.7	-0.41582744326168886
32.759672641120304	0.7269864875171528	1.7	-0.3704606220573069
32.500692306440044	0.7201743179870352	1.7	-0.3840314651482086
32.11746378423979	0.713465392213788	1.7	-0.35806691927486967
31.75789572268482	0.710289233393691	1.7	-0.3604096773529913
31.439616960084592	0.7025910836738197	1.6	-0.250757629290211
31.18514731200112	0.712161233916075	1.6	-0.09737963729536797
30.83300837138796	0.7298199587043086	1.6	-0.2686229216599054
30.517297028480925	0.7106225590194083	1.6	-0.34229474289977385
29.84320415661624	0.7152768749287717	1.6	-0.20722233221270628
29.66184705173478	0.7177104110233402	1.6	-0.19969682913336054
29.217293736725395	0.723396441248448	1.6	-0.22876849737967775
29.003189271965354	0.7204300274163254	1.6	-0.35466064906561484
28.376102878661953	0.7047852514888495	1.6	-0.5017382818510879
28.153214127251246	0.6761884891298202	1.6	-0.49208977396555564
27.73812309923271	0.6614459646071678	1.6	-0.36073457691698696
27.600777494347582	0.65395170788618	1.6	-0.2350763168949565
27.135729946568375	0.6598570360945607	1.6	-0.30349808088090957
27.024494301636523	0.6403689726499936	1.6	-0.5370121785278865
26.541485544241226	0.606944509593932	1.6	-0.47150229861171156
26.331175167459975	0.5972595422577888	1.6	-0.2312498159906974
25.86210729846563	0.6034561403156619	1.6	-0.18347231720345833
25.767104443913993	0.6011422894922954	1.6	-0.34118692774510473
25.55588922167368	0.5808885759514466	1.6	-0.4562897044113605
25.08927695094181	0.5588435202770489	1.7	-0.4438873172149839
24.953927334884824	0.5435194319314862	1.7	-0.2746065905210413
24.58693740499251	0.549280979062561	1.7	-0.17961959030585534
24.378978690493142	0.549280979062561	1.7	-0.21221157371049465
43.70230642850325	0.14374687650514076	2.4	-0.39986737939718947
43.748896954644835	0.16287614977244616	2.4	-0.4131074097709174
43.55587917136802	0.18043254934583897	2.4	-0.4788056446221023
43.6028217304582	0.18870911573232085	2.4	-0.4750183626400345
43.42500565741105	0.2072276674041359	2.4	-0.3693404460416223
43.32839565024693	0.2332725859138401	2.4	-0.3521354195682842
43.233037617239944	0.25519680539190825	2.4	-0.3699508249070197
43.1524654671245	0.27869713654701855	2.4	-0.30993479879314545
43.01343187222923	0.31112527569905124	2.4	-0.29085442193687805
42.78788954331489	0.33844072785522944	2.4	-0.44547608137869155
42.679514904802716	0.34540265989431607	2.3	-0.4946395954972157
42.511316876604496	0.356035572338819	2.3	-0.4438446451201653
42.29418125577752	0.37142378796575404	2.3	-0.4156712821321722
42.13454493670508	0.3867439961589029	2.3	-0.42172508470126746
41.96813071827174	0.4012252975995773	2.3	-0.34264142316347357
41.752908947354	0.42979003699114515	2.3	-0.2243578975760907
41.71537155970361	0.4643347959080538	2.3	-0.17758778512571916
41.548898143216775	0.5015700387780708	2.3	-0.18507239795075958
41.25587871608715	0.535553069941848	2.2	-0.1961684453379734
40.93720271527144	0.5631716173646284	2.2	-0.27722085259252605
40.65948824750703	0.5837558827826024	2.2	-0.3246839968799109
40.513510757107696	0.6034604719834645	2.2	-0.33793216831266526
40.25037483659483	0.6220650659098141	2.2	-0.2887457311942426
39.89657979698433	0.6499286444042007	2.1	-0.21917081537802774
39.582597664544494	0.672470810120922	2.1	-0.28032410753232384
39.27410460016577	0.6901113701584706	2.1	-0.342212892181453
38.871334293239755	0.7021871663903987	2.1	-0.4623283077378877
38.53461502263826	0.6993295911422552	2.0	-0.48627048079054275
38.19131377674648	0.6995084517064545	2.0	-0.43701092981251777
38.00516746736682	0.704250551041916	2.0	-0.3454805126965709
37.54927211365609	0.7194582083155546	2.0	-0.3283382027928797
37.3407736925744	0.7265750119578371	2.0	-0.41241071883826874
36.92590024163313	0.7275485618758175	1.9	-0.3744924052770591
36.64021222713687	0.7335941389148859	1.9	-0.2688619657542959
36.27981677436027	0.7518145004502745	1.9	-0.2255548467368561
35.9972180769561	0.764841014139628	1.9	-0.3279751173870629
35.465222305102714	0.7657714803610151	1.8	-0.36659406420980145
35.286339694987845	0.7652884129225153	1.8	-0.38027874560605357
34.84498543539277	0.7636412847368131	1.8	-0.2909601130705787
34.598062551855975	0.777300011054162	1.8	-0.2505647863872748
34.249531712520024	0.7822419428858698	1.8	-0.3195794549576939
33.772600660227695	0.783917932186453	1.7	-0.2022036881946751
33.535832261542495	0.8020340030360579	1.7	-0.1626184397174834
33.12768383804516	0.8102617741882147	1.7	-0.3042794039981506
32.827381475532405	0.8042826131244213	1.7	-0.373722470662772
32.30811945183959	0.8003717839889775	1.7	-0.2640795525285019
31.944994476195987	0.8117949282013854	1.6	-0.15216347151944187
31.77492219754295	0.8210497341295497	1.6	-0.19135321303883884
31.198000357824995	0.8258404894949201	1.6	-0.19309738689677952
30.793679209413042	0.8340476373736424	1.6	-0.26715665628333035
30.483201314524024	0.8260292626092915	1.6	-0.4028596923609047
30.18144208197903	0.8110483332777847	1.6	-0.3322925917684889
29.586049446419523	0.8141333395151823	1.6	-0.28710428661803084
29.095564135931525	0.8058529735914572	1.6	-0.29299174847397785
28.714640936660004	0.807115508978205	1.6	-0.30115413350922304
28.35921763089594	0.7969250636805744	1.6	-0.3634488379390288
27.974070804836686	0.7871369332660736	1.6	-0.3637417959233918
27.610208173604477	0.77619137595749	1.6	-0.3356266817991906
27.182092852400544	0.7704008432823605	1.6	-0.3157065936918281
26.94112400363366	0.762058074282198	1.6	-0.33553230906219345
26.579277506278643	0.7524949155627133	1.7	-0.3539546474843656
26.303314638158255	0.7446105316350758	1.7	-0.3527725883034676
25.8589444085151	0.7346792990595947	1.7	-0.3765939611042571
25.492714613981022	0.7219519730597628	1.7	-0.3184001155768177
25.223369082505215	0.720944061426672	1.8	-0.27166516526872153
24.89558192322943	0.7196875917974269	1.8	-0.38420483222577106
24.618567190113367	0.6992973007454716	1.8	-0.47901936336190065
24.262700229619455	0.6814595562948526	1.9	-0.4412172319229581
24.03803259725204	0.6706247713124456	1.9	-0.42099834358938676
23.718901262340424	0.6555551878018855	2.0	-0.5103038545378027
23.473104471734956	0.633202540415968	2.1	-0.4407948756416239
23.20046563555296	0.633202540415968	2.1	-0.30273352147772414
45.48768393784252	0.08716964464911492	2.4	-0.19868891408582856
45.50719549649864	0.12407404019026719	2.4	-0.2327971459238507
45.43646032395935	0.15636915555860847	2.4	-0.2964723040675521
45.32661194508211	0.1834341530690802	2.4	-0.355887368722803
45.285307348400806	0.2063773688449824	2.4	-0.4162627870694493
45.07281345715381	0.22395344811003187	2.4	-0.4066390822167185
45.067413162257	0.24857745134466408	2.4	-0.2495482940407756
44.83394672739769	0.2930331215476137	2.4	-0.03135241617613771
44.93102801629732	0.35483659577623133	2.4	0.11631301634003244
44.614202787177675	0.425905360276319	2.3	0.2422041425322563
44.54064926743132	0.5012549300384392	2.3	0.13009740484147014
44.07447272877266	0.5556473004581641	2.3	-0.057018750076489044
43.91531632136176	0.6004573137751859	2.3	-0.26861020174022676
43.68038088217048	0.6205537644715076	2.3	-0.3717694062589487
43.400476748471334	0.6482763220686076	2.3	-0.3909471073636104
43.12492069001951	0.6654036865373052	2.2	-0.4218656053709633
42.64032311163942	0.6793387536245805	2.2	-0.3956398953495024
42.39606894185664	0.7002918788947036	2.2	-0.3701353077432755
42.02138497314499	0.718575389322828	2.2	-0.39870537326035727
41.77314837452789	0.7345289459028236	2.1	-0.3303361211874133
41.40267531566067	0.756067902440143	2.1	-0.33506175698595797
41.28338150117827	0.7711066140358084	2.1	-0.4316477747534023
40.680097895299724	0.776711654930886	2.1	-0.5100413824954109
40.401619728981586	0.7776940429593809	2.0	-0.42343358397749054
39.956399949067816	0.7896509795266426	2.0	-0.3668948166521162
39.7175809988627	0.7995602986719355	2.0	-0.3686260340861027
39.18150741463495	0.8110403278905224	1.9	-0.2853128269860427
39.06374837055705	0.827039554406234	1.9	-0.2676379782277153
38.46558415361716	0.8416265236025895	1.9	-0.31276150082852516
38.30223842222338	0.8494225540364809	1.9	-0.32133458724025354
37.72890289171221	0.8624739081027549	1.9	-0.21786829123197266
37.463224417063515	0.8868120105484596	1.8	-0.2229153336128583
36.873739903868966	0.8924709018571567	1.8	-0.36835721720026904
36.654672590734265	0.8917331045479505	1.8	-0.4071666081595437
36.082825021656205	0.8905526127062616	1.8	-0.39697378956184803
35.775517218880765	0.8905526127062616	1.7	-0.3504946396122281
43.17573189918059	0.13140720766087222	2.4	-0.5475634089861393
42.895428410434334	0.13751234142741797	2.4	-0.4542822812327938
43.028276397444984	0.15875181344697664	2.4	-0.316445635275148
42.868108550662726	0.1887000872128932	2.4	-0.2883567856255823
42.90849451844244	0.21512724851380816	2.4	-0.23504331751073837
42.684355093152135	0.25479068564080437	2.4	-0.196953629830659
42.70772918157655	0.2882159428272598	2.4	-0.24012151249987745
42.43790082790022	0.3216853854470908	2.3	-0.2258394371737803
42.34969454990559	0.34948173509056485	2.3	-0.27110396989510943
42.13156366056458	0.3759949406519014	2.3	-0.16094402917859696
41.9698259850141	0.4224454210406501	2.3	-0.0005066102158400865
41.80292140233391	0.476651581583661	2.3	-0.07630649852325833
41.62639555945316	0.5116258300119463	2.3	-0.24301541403693583
41.15214081800431	0.5386515847480586	2.3	-0.22660170032971427
41.066520972620225	0.5761169631808584	2.3	-0.12285168812078184
40.83890493024137	0.6212864245307046	2.2	-0.10474202300014845
40.68260822939487	0.6544071612436804	2.2	-0.28019449128856366
40.149772431575826	0.6708980526625336	2.2	-0.4099251120623668
40.2040006165613	0.6817536999947447	2.2	-0.5410571386362816
39.58098569717248	0.6767841057105904	2.1	-0.61015149264752
39.41348299830972	0.6670688748247438	2.1	-0.6135428799789062
38.942612289531496	0.6609762505100918	2.1	-0.6170814825457639
38.77819843799034	0.6496242295283947	2.1	-0.5329196507404707
38.36828716139041	0.6569665743839178	2.1	-0.38478437241043684
38.29071298489794	0.6696933143231543	2.0	-0.42073484599836697
37.82601993818338	0.66409195933845	2.0	-0.4725326044879215
37.51309682595203	0.6672279099809589	2.0	-0.3848399394845824
37.23781457217896	0.6757503506430389	2.0	-0.3649177351635252
36.84871518229666	0.6819001023775805	2.0	-0.3656074655478093
36.68726714303804	0.6897339771245597	1.9	-0.2774990956629744
36.435086847306565	0.7038809694554818	1.9	-0.21007764083838015
36.046638375239965	0.7228231358347064	1.9	-0.1871571522136446
35.729653923805145	0.7405211835702076	1.9	-0.2872593482876381
35.38576423264864	0.7425966795289715	1.8	-0.3611442617143404
35.0015185223196	0.7413014100117743	1.8	-0.3779386142080118
34.67973176832729	0.7399379887916693	1.8	-0.3948414144508326
34.3780138268786	0.7352813755088445	1.8	-0.4485097288406016
33.973646849827375	0.7243968409303433	1.8	-0.46970798053067186
33.69551287187535	0.7153465861061541	1.7	-0.4009065407611827
33.40244454130824	0.7097641220222493	1.7	-0.36292071415909183
33.091518504837765	0.7065149382616561	1.7	-0.30996310013916
32.81949567732015	0.7092415783447052	1.7	-0.26249749050561827
32.581072534165884	0.7135441777008068	1.7	-0.300365443176782
32.113200992034336	0.7096745263058266	1.7	-0.31101855857064226
31.872489591899125	0.7114311132989172	1.7	-0.17526302219810347
31.54145111265622	0.7298511311679516	1.6	-0.06982991696226765
31.29921857196723	0.7440132644335272	1.6	-0.17961460906621218
30.782037688835786	0.7440132644335272	1.6	-0.2602258630473153
40.965287147229304	0.2960884582444887	2.4	-0.2841231791115426
40.824609387725275	0.32409507858540865	2.4	-0.2238745696153276
40.72220168605958	0.36261741288771077	2.4	-0.1972112833564421
40.496313765203695	0.39592223846715047	2.3	-0.15964750289496354
40.24280809890871	0.43300174207624753	2.3	-0.17407572655945136
40.13772197675141	0.4643722380429291	2.3	-0.23550968719452603
39.75010563831944	0.49183794464501834	2.3	-0.3848054082120964
39.84756894308981	0.4982391917928243	2.3	-0.4864938933131081
39.376868592965366	0.509137966598351	2.3	-0.5413952792495093
39.30610622946514	0.5056654744082184	2.3	-0.5890640695180097
39.056137182560946	0.5083730174791576	2.2	-0.50046928684726
38.95899629921658	0.5115106068241738	2.2	-0.4464736913811992
38.56945378139332	0.5231021275375525	2.2	-0.3745800166423364
38.42620736143195	0.5377275405729546	2.2	-0.4094374753167942
38.10370928630502	0.5435865052707451	2.2	-0.41410136929503905
37.90197514355438	0.556919695934183	2.2	-0.3552210016718642
37.53346039025257	0.5725083859871172	2.1	-0.3377776825580301
37.40652113861273	0.5811891969094567	2.1	-0.45278777770662093
36.965759858084326	0.5775702049702632	2.1	-0.5268161231530379
36.83590773636972	0.5729721834118453	2.1	-0.39854560454061705
36.55602426220716	0.5903707605492748	2.1	-0.3180324728813807
36.35418301664687	0.5990483443609679	2.0	-0.39015290831048144
35.99682630438666	0.5975241336473426	2.0	-0.4143304296782449
35.91062012119224	0.6014889372829499	2.0	-0.3802873603036804
35.47976107313691	0.6055677743182596	2.0	-0.37405675745335
35.3416943954597	0.6098681930021862	2.0	-0.30659704303930985
34.991173480559866	0.625027712829383	1.9	-0.18732595784510458
34.823568567494405	0.6426645181483561	1.9	-0.15409600379693922
34.387799596935764	0.663431698433158	1.9	-0.16380419735987328
34.2944799126235	0.6791117061861972	1.9	-0.2777865099464811
33.68267395009221	0.6810304499010075	1.9	-0.4162101826269256
33.5457944715059	0.6725973642309944	1.8	-0.4151961805758961
33.05040184115654	0.6685293092246521	1.8	-0.29176335020500693
32.91952103279992	0.6797924001504232	1.8	-0.18412968135277358
32.554180602939766	0.6936537793833686	1.8	-0.20190292912596586
32.387054241872534	0.7016031972559288	1.7	-0.1823790104000131
31.874367721743297	0.7132594293354816	1.7	-0.09837439622999727
31.697512329089477	0.7346275090765304	1.7	-0.14506931825768882
31.34001838764725	0.7385805152440938	1.7	-0.3011427284260597
31.05459449768624	0.7334485737922511	1.7	-0.29880999771345285
30.651481231794193	0.737265240742835	1.6	-0.11810361081151649
30.44808233565402	0.7568516575845122	1.6	-0.1495788764636462
30.04307100552397	0.7554212630851402	1.6	-0.2758091540805719
29.521339832185987	0.7533696509135298	1.6	-0.2393557928620988
29.210618425557357	0.7572346133287476	1.6	-0.26633049684165216
28.803932724629774	0.7502909398433045	1.6	-0.3828567231581299
28.5141502303357	0.734046982081635	1.6	-0.3226546343829121
28.193255999477614	0.7364933235316048	1.6	-0.18013344289911803
27.984914072734924	0.7435674453736699	1.5	-0.12839664565552425
27.434914199653548	0.7502371861469406	1.5	-0.18312432356868197
27.232730179702898	0.747541780376734	1.5	-0.19285486075453928
26.805128723091272	0.7522878265549304	1.5	-0.14536717275618033
26.491364587795104	0.7569895961351301	1.5	-0.23773338505255476
26.12125978763072	0.7459720427092117	1.5	-0.38831604978056256
25.650124203827488	0.7249496514983472	1.6	-0.3802673656133206
25.352415484717355	0.7182105284404136	1.6	-0.232249941498438
25.06229343469836	0.7213291275994116	1.6	-0.22764555195651529
24.84512229214232	0.7149545098196347	1.6	-0.3276435997894817
24.61815207200226	0.7010042503379056	1.6	-0.2600892782438019
24.053390163334797	0.7053862075352235	1.6	-0.1860385896143786
23.886550178141306	0.7029684546985574	1.7	-0.3139178493453746
23.466328669183298	0.6894614595764065	1.7	-0.3800864970987118
23.296002472480083	0.6751482542850729	1.8	-0.32411774151922035
22.947609752799465	0.6742910018646061	1.8	-0.25304343876884494
22.699475515233928	0.6711625916412396	1.8	-0.3486861239556005
22.25283341590496	0.6538638300365802	1.9	-0.468067800086421
22.144728773269776	0.6335531779721469	1.9	-0.3833170529210224
21.632055618654505	0.6299135990933968	2.0	-0.3073539646710338
21.47858023903342	0.6249608326593875	2.1	-0.373431472222209
21.297552956456855	0.6138300630278286	2.1	-0.5058622203845946
21.150667484605734	0.5862202201866472	2.2	-0.4588429518654664
20.518510860564717	0.5862202201866472	2.3	-0.3073384138846744
37.22609246706058	0.5459822559169981	2.2	-0.6915907358208602
36.998116354173135	0.5315713108859217	2.2	-0.6379594987110303
36.67568619090076	0.5252661059990946	2.2	-0.470476851907644
36.50071062185283	0.537936265331472	2.1	-0.25801887044559196
36.2921791657737	0.560019111593024	2.1	-0.2681233227834099
36.10771019615403	0.5711085891447865	2.1	-0.4740338093183265
35.75555818764806	0.5587654614824847	2.1	-0.5549105788485107
35.462003131436546	0.5553955487405402	2.1	-0.40662063351155686
35.297932924355464	0.5671077774715363	2.0	-0.2499776460387943
35.06217255327401	0.5832919915847758	2.0	-0.327768688287075
34.85176314580461	0.5819523057180439	2.0	-0.42864408997919634
34.48236130456105	0.5809061992531153	2.0	-0.4033266319649377
34.27589012763211	0.5830772923614724	2.0	-0.4037606256866151
33.89074003899857	0.581618723086634	1.9	-0.4314598417021941
33.77831338495929	0.5724349881770764	1.9	-0.48298536145287274
33.486411468480654	0.5620156145227182	1.9	-0.39714437077379117
33.253317428369016	0.5664343454113477	1.9	-0.251381755930979
33.01314707203112	0.579993439809231	1.9	-0.27293559505901155
32.677633552846345	0.580665122777733	1.9	-0.3467566409124866
32.51980042214477	0.5813479080242114	1.8	-0.24040130226982942
32.23401398032247	0.5939953965466482	1.8	-0.2028963210984825
31.933388222690027	0.6006977207816199	1.8	-0.307731806944811
31.610622305771685	0.5955065334929626	1.8	-0.4281778414316545
31.36711288963575	0.58152075823115	1.8	-0.4083261084603654
31.128643491499787	0.5790006925807983	1.7	-0.2987523871103368
30.863473220527396	0.5778455103881078	1.7	-0.32818150205627317
30.613806594314923	0.5700121716260176	1.7	-0.33722496240712263
30.42871813465446	0.5668569561091423	1.7	-0.2436166296864648
30.107116503804264	0.5743020736693742	1.7	-0.22784923287776515
29.90739766263826	0.5734151394462129	1.7	-0.29263285281757523
29.58038439996116	0.5697518754584293	1.6	-0.23563529806087571
29.595605344801783	0.5733150476802988	1.6	0.014738749421821296
29.02002697773699	0.6114530097663153	1.6	-0.008312230907457169
28.82300701697595	0.610933115412971	1.6	-0.19937447993718446
28.366069099099647	0.6169479344609065	1.6	-0.030600223587798292
28.38257088139352	0.644006797951245	1.6	0.05431569063108316
27.803036066955812	0.6645663935746842	1.6	-0.10358823801417613
27.619078223423458	0.664761770441363	1.5	-0.20302570746508852
27.0831476687206	0.664426486116697	1.5	-0.28690183696289473
26.9213597804482	0.6499484290810477	1.5	-0.3737253733645257
26.418006089564017	0.634760874799576	1.5	-0.31611732875289567
26.247853712973438	0.6290570225087463	1.5	-0.28572688931328394
26.032195539650942	0.6186491577235985	1.5	-0.2836817262313893
25.71705863519111	0.6128888542729382	1.5	-0.18297159800924628
25.503512655197483	0.6187952075234174	1.5	-0.19550777000966524
25.201622589687858	0.6107364918412258	1.5	-0.3513017204191784
24.870958652149085	0.5901970824734472	1.5	-0.36894870937010293
24.69926949143027	0.5785453902614703	1.5	-0.3276628657390833
24.304353651014026	0.5645398885084947	1.5	-0.292440446551717
24.120524540915056	0.55810238482174	1.6	-0.3230385456194874
23.91799493751519	0.5421319340857649	1.6	-0.3319894003856441
23.609220462139888	0.5337334296654378	1.6	-0.1976807202506354
23.445824338939502	0.5396139392214664	1.6	-0.13523461259319478
23.20943449982468	0.5414538472053384	1.6	-0.18102822548789552
22.881087389184444	0.5393827277260188	1.6	-0.2968890476707926
22.601912677383808	0.5214176884994465	1.7	-0.42566418877138534
22.234856473932012	0.5006517359734978	1.7	-0.3709644982990292
22.034937737664677	0.49098896461473024	1.7	-0.2696840350228789
21.926769932129105	0.4866806722766131	1.8	-0.2307882327080804
21.768340943440904	0.4866806722766131	1.8	-0.2032662354058099
34.874345775903834	0.11786738074463252	2.4	-0.6218318163191976
34.78347510971554	0.1084319051738747	2.4	-0.5385274486104843
34.75337702965247	0.1124321698080264	2.4	-0.3795160318329327
34.722394663763694	0.12952831562856487	2.4	-0.42518259118127155
34.69675853973726	0.12627199830795865	2.4	-0.5640037622039271
34.7039991620703	0.12008999877022122	2.4	-0.5121459150209542
34.578747863058425	0.12533922706098083	2.4	-0.39846561499811195
34.611768822616966	0.13794119534745178	2.4	-0.3329175839551386
34.58924727390365	0.15450688819158037	2.4	-0.2475399679798147
34.58828977648672	0.18169870671847466	2.4	-0.12591879954577223
34.53090290253485	0.2192123817300909	2.4	-0.1692245976559147
34.36892513126314	0.23998846582864355	2.4	-0.2914196696947957
34.285258000767	0.2572655914855537	2.4	-0.18652547410606735
34.30777268021052	0.29575334660987035	2.4	0.004582554593247412
34.26389497029933	0.3458977617160555	2.4	-0.02515595219324407
34.07946552988891	0.3805751061119873	2.3	-0.10713394774733959
33.951719422655586	0.4105465052156268	2.3	-0.28821499294688957
33.86768636859735	0.41546348121161486	2.3	-0.36109841424172917
33.77758384778615	0.43320826326098294	2.3	-0.29156825485668714
33.633916278358654	0.44992467708993833	2.3	-0.3062749241768276
33.53415438314401	0.46527620237025896	2.3	-0.3867438192397347
33.28936347139704	0.468707497109292	2.3	-0.5120049229863844
33.15001945912603	0.46267947113192537	2.3	-0.5977899597502538
33.07661792793526	0.45133916801126056	2.3	-0.6010853236650554
32.913935862834435	0.44432168214397194	2.2	-0.4856968584699069
32.777678833622915	0.4451771371693528	2.2	-0.38528718252265926
32.63613829889732	0.45461389905178134	2.2	-0.3370933696285856
32.4375445931028	0.4633980964716278	2.2	-0.38431158520704745
32.3836212429467	0.46471821034758637	2.2	-0.4340778389790698
32.19854410228159	0.46511713536714155	2.2	-0.43037383578695887
32.11559486138373	0.46665083884417974	2.2	-0.4221667915856484
31.84776560805841	0.4682657494404122	2.1	-0.3999201982138449
31.786187580650733	0.46689999029483165	2.1	-0.3754137297335469
31.61673642525085	0.47244438476350653	2.1	-0.28860800667538594
31.465787171764333	0.4853103969354912	2.1	-0.22296127095074575
31.25652561415467	0.501745231222171	2.1	-0.24474836942224065
31.14706224420445	0.5108762891248436	2.1	-0.2761448224376374
30.906270419875142	0.5220327990898551	2.0	-0.2141883653454929
30.789017196135134	0.5355393112874561	2.0	-0.25501696977264265
30.504471929629574	0.5399193191129601	2.0	-0.3225970540684928
30.41275467014097	0.5416887979507606	2.0	-0.336284767799831
30.206865906320076	0.5436407135940705	2.0	-0.3644265148102932
30.057800424049162	0.5403511816355365	1.9	-0.28902241938369044
29.834808768819556	0.5492326416803114	1.9	-0.16559427143281064
29.706789299329415	0.5662673417958061	1.9	-0.15713843776255548
29.47884589231255	0.5766209894189347	1.9	-0.23114089068610377
29.22332770848648	0.581083554346	1.9	-0.24730131944795414
29.018835151807167	0.5883501021612852	1.8	-0.17265498676416746
28.90949522810928	0.6000913214098759	1.8	-0.19508726824416378
28.690819987341413	0.6036210762236576	1.8	-0.34002047784016004
28.382051590057713	0.5908919441156066	1.8	-0.2953595387512346
28.07289693444703	0.6011419105397092	1.7	-0.14777817566249796
27.943067680879963	0.6081128792882752	1.7	-0.19089734326262126
27.776688016513376	0.6110753790777129	1.7	-0.26616812368731846
27.509487949494627	0.6052845931374222	1.7	-0.28949073046027307
27.236335205954248	0.6038613410231879	1.7	-0.17200076603700978
27.149016996288793	0.6172051563585165	1.6	-0.07381966024181458
26.98196469485694	0.6280254244342517	1.6	-0.11485132767982684
26.757687656849996	0.6344330685108631	1.6	-0.22208599371516863
26.4224293983076	0.6271423934437502	1.6	-0.2904701216950916
26.260189439627496	0.6215796199134033	1.6	-0.28457398494580655
26.046722540612492	0.6149692065680646	1.5	-0.22848158672601088
26.01984296044168	0.6145876994101612	1.5	-0.18366141398126495
25.705342901118513	0.6154085394638513	1.5	-0.14493153868754916
25.568990635005207	0.6210870992214452	1.5	-0.2041701328648201
25.381124951100617	0.6119228346306831	1.5	-0.26380263027408335
25.132477241535128	0.6073172869232415	1.5	-0.24149073295883178
24.952469978696698	0.601499306338369	1.5	-0.27350943896141344
24.701643441282584	0.5912609559835186	1.5	-0.3015531736668263
24.350622971176833	0.5803341255098586	1.5	-0.27375084887423157
24.32280153654024	0.5741597743122552	1.5	-0.2075815262052081
24.119306712863064	0.5741597743122552	1.5	-0.1689633972214382
33.275148469235475	0.2863399308289634	2.4	-0.1379107012740376
33.25868390357809	0.3173937700535929	2.4	-0.06694457558121314
33.05920116291655	0.36099235814617253	2.4	-0.07351905529213765
33.056617071433024	0.3915119177269056	2.3	-0.1574447324665194
32.663247057299756	0.41513152639460926	2.3	-0.24310068202886087
32.75270508389009	0.43099283436147734	2.3	-0.3359504011344056
32.422259824920204	0.4397172388238901	2.3	-0.38646383366548687
32.442867524041105	0.4465699352559108	2.3	-0.35929814802104515
32.01694980601732	0.4600285597025959	2.3	-0.31431739024054883
32.07242526306028	0.4736558417197617	2.3	-0.3744904738313005
31.565521521277816	0.4775298602124215	2.3	-0.4019880339255316
31.610107200861833	0.4854217139241653	2.3	-0.3425932839027261
31.376623205955738	0.49948128744174103	2.2	-0.2978697289051645
31.1512785479988	0.5083244551050831	2.2	-0.3952429853189414
30.833870556664394	0.5058271474387038	2.2	-0.48012436086059296
30.738527531774253	0.49974165606819754	2.2	-0.4910031864921052
30.480473111607836	0.49508474883735143	2.2	-0.42662113049507744
30.400247761603993	0.4990385228025084	2.2	-0.412965750518217
30.036998836396563	0.49655388745448353	2.1	-0.40151364579187926
30.013510555704016	0.4957969840501894	2.1	-0.41943893434380214
29.69638295112175	0.4902601265621666	2.1	-0.4334202088573485
29.58122281055499	0.48638977185410515	2.1	-0.4015330528552835
29.363271351245984	0.4858472180185702	2.1	-0.3715152439821247
29.158162178864245	0.48650339521938973	2.1	-0.3755906016117858
28.988977419861	0.48485411314365917	2.0	-0.37878965188325237
28.80824128681074	0.47930387154490495	2.0	-0.4272071898509433
28.533262664031696	0.46913084899403185	2.0	-0.3829120344926597
28.489235450737652	0.4702426630047081	2.0	-0.32040317636789006
28.240313556044654	0.4704205211087128	2.0	-0.33772256688898955
28.084949433997735	0.468157847301159	2.0	-0.3339662100635193
27.81448500058731	0.46861545393214554	1.9	-0.265799640109535
27.705300068394223	0.4723663728890441	1.9	-0.2948733170216186
27.49859581350951	0.4678415735504794	1.9	-0.2098398794100259
27.260454623274597	0.4853177389120363	1.9	-0.11463299285495382
26.96194349526445	0.49650514516460986	1.9	-0.14683431027041216
26.896969417375914	0.5082419720261542	1.8	-0.1181457543797595
26.608934663561513	0.519803618650438	1.8	-0.15755908032324756
26.445447932511982	0.5246549258645418	1.8	-0.19096069179996178
26.08165799753162	0.5304423646395126	1.8	-0.18745300185605812
26.045275226385797	0.5353408468872802	1.8	-0.17207190673920836
25.7230317193617	0.5436987703187238	1.7	-0.1403396577059446
25.630154598878065	0.5493620082120982	1.7	-0.24220918161701394
25.205445209912355	0.5406705088167045	1.7	-0.3206127564700541
25.128233247885717	0.5324899965034411	1.7	-0.24397668000347514
24.767409398443874	0.5363461468068593	1.7	-0.16064532555048894
24.726627568499097	0.5415375984316018	1.6	-0.14753818327814708
24.46035781069162	0.54386140965979	1.6	-0.21256975659766478
24.17424824865924	0.5378638628843943	1.6	-0.2719421740053696
24.0326135336403	0.5298172481583062	1.6	-0.28958471317120804
23.734443525082284	0.5205871907335523	1.6	-0.21791299797282185
23.685346405822088	0.5239598108254986	1.6	-0.1589509715313922
23.37793529617319	0.524524495072601	1.5	-0.17175148407574461
23.202436874906468	0.5220338391697203	1.5	-0.12729654958020123
23.112103049690376	0.5297592608270667	1.5	-0.11415816589772296
22.900055735798702	0.5294204848737137	1.5	-0.23644028053151026
22.6636596051887	0.516491114119402	1.5	-0.3498982517417957
22.355840241589377	0.4968136641630638	1.5	-0.38858292956469864
22.249565891526657	0.476854463195844	1.5	-0.42246340267160126
22.068172858000082	0.451204489650397	1.4	-0.28266080145470684
21.899343256608148	0.451204489650397	1.4	-0.12764359673924064
39.1581337215469	0.19034447692428122	2.4	-0.42908171059566913
38.974487371869714	0.20281362366348255	2.4	-0.3386466267816848
38.9609490316158	0.23028200200092888	2.4	-0.155062415886846
38.88284443917834	0.27406071072115057	2.4	-0.10252800183336397
38.75076287113117	0.3112954920002292	2.4	-0.2798538407769716
38.69833956537147	0.32623100387859877	2.3	-0.388274958725226
38.43663241145691	0.33795049763314017	2.3	-0.37391025577541825
38.381318550414335	0.3550291021723672	2.3	-0.295433468571931
38.26842979870125	0.380154761657447	2.3	-0.27057580603586573
38.10540173296107	0.4017878150778187	2.3	-0.3043196207640104
38.2099107009698	0.4214990433743934	2.3	-0.34446023009463445
37.927412006667765	0.43718295771501775	2.3	-0.41468673196230144
37.74286352976708	0.4449800619071337	2.3	-0.5018514796154927
37.62885443327008	0.4459321013744706	2.3	-0.5285419083020394
37.486156912243686	0.4490534849981998	2.2	-0.5138994456765876
37.28376157032733	0.4448719872564651	2.2	-0.5199033182990198
37.085230819402156	0.4464761386548693	2.2	-0.5519214515569922
36.985961153973676	0.43659054689651255	2.2	-0.6819935583218488
36.726174058708935	0.41607063512271486	2.2	-0.7052462582386532
36.62299736542825	0.40127679427129115	2.2	-0.5432980525754563
36.50419429177482	0.4071781263446746	2.2	-0.39429105001028336
36.38595009906648	0.41711754923236255	2.1	-0.3786922489802968
36.275770232736846	0.41880631425172105	2.1	-0.4247954127117674
36.135822864326826	0.4208923544282524	2.1	-0.42261901620218456
35.817356328624314	0.4227262863570814	2.1	-0.4252852240454755
35.76643878334923	0.42380313820795285	2.1	-0.45635575682142837
35.59050984019177	0.42038576735031646	2.1	-0.476866357096373
35.536414425576524	0.41762981612250805	2.1	-0.38200969213482916
35.43815209558781	0.42985579690411985	2.0	-0.21231247085155225
35.249720286701134	0.4491029186547577	2.0	-0.28635324873058593
35.033085501238745	0.4490697835950911	2.0	-0.45180648840440285
34.95304726473982	0.4403558430170894	2.0	-0.43916284685807927
34.810705282864475	0.44210213829755934	2.0	-0.28689983331877283
34.64318040461271	0.4585490054925015	2.0	-0.1973254980724541
34.43235586320769	0.47527305175232465	1.9	-0.18859536476546496
34.385623591947876	0.48718439443117734	1.9	-0.1844520372404571
34.10378285515452	0.5047597900937498	1.9	-0.08588225974425334
34.042902902811974	0.532980702021154	1.9	-0.1426486657765304
33.701015769812955	0.541551599961068	1.9	-0.36471573456153966
33.58407977017258	0.5323518013935803	1.9	-0.4294376147526008
33.29133366978691	0.5297568960118759	1.8	-0.28514907456962
33.1992765576551	0.5384978961474465	1.8	-0.20582930867220983
32.95055916311988	0.549140522742303	1.8	-0.26644292025751143
32.808929366324534	0.5475859649539861	1.8	-0.32906580013363324
32.497744593553094	0.5475417379769666	1.8	-0.20936281399827517
32.41586401489502	0.5654481866343716	1.8	-0.08504853480872426
32.215068658912344	0.5863142068655818	1.7	-0.08175071586611354
32.10791098592402	0.5996424826203481	1.7	-0.1827260210428801
31.68239784680644	0.6037466707904214	1.7	-0.1875031770520793
31.599303466874943	0.6157246892121884	1.7	-0.12960954315035833
31.35032049823478	0.6295522888738703	1.7	-0.14646613604721337
31.204602789964284	0.6385773717271555	1.7	-0.19340838725411869
30.904599360498963	0.6445096557060037	1.6	-0.17022266428886346
30.700704987137613	0.6522648424839296	1.6	-0.35038475481275283
30.512807758384582	0.6280090165628953	1.6	-0.3203394892398579
30.133505439373394	0.6401559426855925	1.6	-0.0799073162502432
29.876607689861345	0.6556340253471569	1.6	-0.11436466167993473
29.72122883259256	0.6619091562010896	1.6	-0.19142856827761748
29.35627316509064	0.6644178953892759	1.6	-0.2262402323762737
29.40243030898479	0.6644178953892759	1.6	-0.24168012025762403
28.995152236396777	0.13349253334458486	2.4	-0.2747967582063129
28.979746763093004	0.1460391790554623	2.4	-0.23445231594108734
28.91291084386799	0.16554243454155193	2.4	-0.26540344243687275
28.90541134057321	0.17318332171047476	2.4	-0.23609682590401554
28.76552264660161	0.19771727625158234	2.4	-0.2151086424640773
28.745387270227212	0.20902831530200439	2.4	-0.3286269340222254
28.63839731754814	0.21483352626148047	2.4	-0.3213799661412905
28.59605487856176	0.22720230852323328	2.4	-0.14151800573211742
28.618106857521227	0.2631394128170361	2.4	-0.06498491301277465
28.363929124310772	0.289088019614308	2.4	-0.1986981771880152
28.28276153078079	0.30262572239840685	2.4	-0.26112865232359866
28.01455963491979	0.31824119513672094	2.3	-0.30988888124245434
28.079835154987407	0.31763466835504506	2.3	-0.4015693929773523
27.955193782702125	0.318118181925843	2.3	-0.41970666220472785
27.809465235929807	0.31419249394886034	2.3	-0.3593598121952183
27.70315582066435	0.324297494426694	2.3	-0.2790543284873324
27.503727658703355	0.33369446940309255	2.3	-0.3350672227283258
27.48381218529471	0.33415570636231684	2.3	-0.32930141269959007
27.239718607042278	0.3444731170421761	2.3	-0.22473675626682277
27.271231303892804	0.36195584274074555	2.3	-0.2761372198668887
26.91173005466726	0.36412486986368114	2.3	-0.4142517103617805
26.925637126252425	0.35772654886557087	2.3	-0.40196923758746567
26.673914833964943	0.3618551898969149	2.3	-0.3247441542180252
26.5984376806898	0.36777224199933034	2.3	-0.38516929230652175
26.344361438449027	0.3617513411047639	2.2	-0.4291166982586046
26.284580370646083	0.3544811437200001	2.2	-0.38500917349982167
26.10626374420957	0.35554241383166063	2.2	-0.2589710297230918
26.048275331541063	0.3688824723226041	2.2	-0.24712458141738192
25.9204566017885	0.37201863703411187	2.2	-0.28967737904608104
25.729083346769016	0.3780222353304031	2.2	-0.20253711687632298
25.621449652228847	0.39533665391015427	2.2	-0.15512645930415375
25.433806592447525	0.4092882322718018	2.2	-0.12878444942220485
25.119876897667694	0.4307867635001309	2.2	-0.19144110206045073
24.951616570359377	0.43390793102968994	2.1	-0.2530270188741043
24.782060952590413	0.44011270837192445	2.1	-0.22049005520710518
24.60688891913705	0.4483783719026813	2.1	-0.2864042679709584
24.360057457393978	0.4433365889142479	2.1	-0.3663575489783187
24.211832280081012	0.437645759722893	2.1	-0.35205172417022723
24.079429133073532	0.434568633009971	2.1	-0.3089700410465632
23.895094983015298	0.4357146081924796	2.1	-0.3556000742629637
23.69034910487821	0.42446998887941817	2.0	-0.3902376861553662
23.58159844120661	0.41499048342589395	2.0	-0.3612745214775088
23.39076732316562	0.40821607942785587	2.0	-0.2868000514624552
23.287557870049568	0.4106639002639733	2.0	-0.2436978581594197
23.17335657898289	0.41089671936170313	2.0	-0.26122305157759285
22.85984296901802	0.41019335455833317	2.0	-0.2752692867466139
22.78897361391641	0.4074330409512786	1.9	-0.27913325677113665
22.573152746481057	0.4020483239863797	1.9	-0.3017445869354233
22.495006462595597	0.39504779292873826	1.9	-0.30251667889888134
22.3185792190925	0.3892995453152546	1.9	-0.2638265834444298
22.205331172906156	0.38834619209631427	1.9	-0.1809031013275384
21.989731877764882	0.39619581625751343	1.9	-0.17684305500761519
21.899645390195687	0.39561425357865343	1.8	-0.18142962772902052
21.620970974478382	0.3990178219067831	1.8	-0.15221467296299565
21.634523758395233	0.4028713800110733	1.8	-0.1435901130570496
21.344840270981493	0.40777943596739696	1.8	-0.18586942990850364
21.326679133095666	0.40414727066939443	1.8	-0.26656871850406105
21.01846000120959	0.39553369671811967	1.8	-0.24972419273015134
20.958893130467985	0.39408689391218815	1.7	-0.18028597425342882
20.73859105987195	0.39375793196327175	1.7	-0.18152757548622542
20.686592188189053	0.39176178941976764	1.7	-0.22320305578288172
20.411992987437515	0.38438651325660467	1.7	-0.2582333037146795
20.246726944618842	0.37605544256573	1.7	-0.19553438608634555
20.072029430437112	0.37879360923494987	1.7	-0.1173755970561261
20.020231057743516	0.38324733052401144	1.6	-0.16281611986875796
19.78298110596691	0.375529708803767	1.6	-0.278147135020697
19.65323500296384	0.36036475536264173	1.6	-0.24222952337132628
19.548513477311715	0.358320061475882	1.6	-0.1893303731981666
19.443015769385966	0.35180997091052524	1.6	-0.2713326401229652
19.272037365921065	0.3358966914742987	1.6	-0.2644751231903886
19.114138554014204	0.330157688747441	1.6	-0.13703072130053823
19.015131113195395	0.33522100259853727	1.6	-0.10998767409373941
18.934862407951968	0.3338981087603065	1.5	-0.15151734768099223
18.72062296701742	0.3294264194814835	1.5	-0.09054409580001783
18.776465143423877	0.33797173982057876	1.5	0.01779128847863358
18.3843438758164	0.35169010171064	1.5	-0.060288907406877715
18.45941499191383	0.3468491519965863	1.5	-0.19940663698044575
18.219100749562003	0.3374367020618859	1.5	-0.1532432823274903
18.223871415671937	0.33992596266546143	1.5	-0.1487751441004047
18.02423037704459	0.3312823815151883	1.5	-0.31105474980792447
17.86576724440492	0.306418443832289	1.5	-0.3931715862759316
17.766784329779625	0.28371530799170935	1.4	-0.2085235416932192
17.72661289993006	0.2871921387386468	1.4	-0.07296973380824145
17.619005084188345	0.2870624788118695	1.4	-0.18768037762860568
17.431427961540862	0.2713072071318374	1.4	-0.24325019738828355
17.321826910941468	0.2616154265251902	1.4	-0.10693763538146528
17.2350087172518	0.2684011785525341	1.4	-0.050927754692642574
17.09173683895594	0.26799865505434123	1.4	-0.1875360269196445
16.969050266693458	0.25186444531250474	1.4	-0.2101056418576277
16.870101461482435	0.2474701131908194	1.4	-0.055331893043399194
16.868442106475086	0.2570017299504901	1.4	-0.04816748832541831
16.75345599830611	0.25385976551870915	1.4	-0.22413412739746558
16.64862629039625	0.23392511572467556	1.4	-0.30586652340196163
16.440245871215268	0.21692895816423569	1.4	-0.184353535241847
16.467734542876627	0.21692895816423569	1.4	-0.08254304646773097
38.40810349684253	0.21633804006379306	2.4	-0.37064689103922394
38.36660422868536	0.23318387612545532	2.4	-0.3543287108731893
38.17494001079018	0.25310714849013066	2.4	-0.2854741574976122
38.14459808585704	0.281525896012503	2.4	-0.09326717778655991
38.04845134439006	0.33417782794909995	2.4	0.01007626137257489
37.914451017341975	0.3810148844552076	2.4	-0.06738913493777299
37.73115122503475	0.42170432517110007	2.4	-0.09448481474729153
37.499292034113495	0.46468888106624306	2.3	-0.15110128556923597
37.384624443238835	0.4888816141419437	2.3	-0.23424999150013093
37.19249601416385	0.5183751116119524	2.3	-0.2039329173196177
37.16193592007248	0.5479470081774194	2.3	-0.1553674349986205
36.90080557222461	0.5862255859974083	2.3	-0.10969237993051217
36.66934322187569	0.6237917616420586	2.3	-0.19854342119064827
36.42134180358225	0.6476828572951101	2.2	-0.3207445543753522
35.9247633649255	0.6575443343087211	2.2	-0.436499021334011
35.86889563518588	0.6612900600094573	2.2	-0.40439467467967305
35.48414428768483	0.6764687857342944	2.2	-0.30905403650507657
35.300238971080304	0.6956102140055237	2.2	-0.3410994525661979
34.868915555028295	0.7054881669817615	2.1	-0.442919957148831
34.804847082907344	0.7000662495722774	2.1	-0.5295426856371308
34.204548766056774	0.6952520501599161	2.1	-0.49181825916574606
34.146710276402345	0.694747199483647	2.1	-0.4129054785912169
33.8633580908444	0.7029517643662085	2.0	-0.322106794399699
33.692229463696904	0.7107743454186201	2.0	-0.32375979618115125
33.24956588560761	0.7185293440189262	2.0	-0.306988348011293
33.2125905177254	0.7284318985874837	2.0	-0.3031742114419812
32.66479691327615	0.7369499324546563	1.9	-0.27529859282647234
32.62050266025675	0.7446370468189282	1.9	-0.2079422215937483
32.159392418290224	0.7644449485942634	1.9	-0.20042095701840418
31.933514730115178	0.7728992638427175	1.9	-0.35830615801898263
31.46047751818506	0.7661249508764134	1.8	-0.39540919891581405
31.291044079043814	0.7618815382161108	1.8	-0.32521957499023296
30.887471113937465	0.7664404838881613	1.8	-0.32733631698047083
30.709818034029993	0.7612219775259567	1.8	-0.448105087393056
30.294803966975834	0.7452557922919394	1.7	-0.48180938588737116
30.06208032967173	0.7284023814182213	1.7	-0.4014519339767828
29.740826086464537	0.7252016773551907	1.7	-0.3407122789594665
29.729057194135166	0.7179153266807184	1.7	-0.32995879682913537
29.06513405139856	0.7163773705834667	1.6	-0.2589962479181145
28.87401177572356	0.7152808292612234	1.6	-0.18154439726572144
28.652981407396297	0.7263621013508238	1.6	-0.1583991414298745
28.438514174938177	0.7289562196132573	1.6	-0.31069738599127683
28.080555751151095	0.7143783580430789	1.6	-0.35604308184912636
27.850970226070302	0.7086985683104299	1.6	-0.2664823320813335
27.580053390720764	0.708638030562023	1.5	-0.2706631497866931
27.250245537023332	0.6977715421302609	1.5	-0.45203285111444413
26.99456021488551	0.6669196395543704	1.5	-0.4126314393637062
26.722630274414342	0.6619179247759515	1.5	-0.19007705998338248
26.49551033821639	0.6677469892607503	1.5	-0.11997772652135713
26.404847641902023	0.6742013804233421	1.5	-0.19189703951341033
25.97502627303784	0.6680005044775371	1.5	-0.24446012261331712
25.744725790728552	0.6650594001046886	1.5	-0.18700026523169785
25.3302582105715	0.6680992363036923	1.5	-0.2025432454282952
25.18276749347268	0.6620543699190359	1.5	-0.37532337495589796
24.850319974326595	0.6360360664176726	1.5	-0.4317381111969153
24.71870178011848	0.619867985206857	1.5	-0.3374864993915848
24.4059058063648	0.6092117357385454	1.5	-0.3125030195978709
24.255970812363444	0.5966857211594855	1.5	-0.3581090170603606
23.964354639527627	0.5781007909481283	1.6	-0.3634508462460837
23.811405505815046	0.5675416206259879	1.6	-0.19029363502136104
23.554152372148565	0.5774777677742237	1.6	-0.05098923155963042
23.488691780373898	0.5898723031344238	1.6	-0.1323588153933415
23.04883241959415	0.5862861706353717	1.7	-0.31768392151294256
22.84031638630826	0.5705880511468644	1.7	-0.36861365719416206
22.530189781282445	0.5579970687385866	1.7	-0.28833670425787816
22.402015726621542	0.5550345278680218	1.8	-0.278966280661316
22.20904445269997	0.5472929314252042	1.8	-0.3680874601242922
22.002191885639874	0.5290403326561347	1.9	-0.3591423509771482
21.758101761259	0.5258259539914664	1.9	-0.22944454249433974
21.5992461371755	0.5286705534047175	1.9	-0.24186246005017947
21.315030862761972	0.5231067664493935	2.0	-0.27710748312674893
21.183478638232174	0.5231067664493935	2.1	-0.264809794322127
31.021590848604788	0.05010551750519671	2.4	-0.28878073510260915
30.950009553764744	0.0630426207808042	2.4	-0.3678664509207058
30.868874070565454	0.06292241861256492	2.4	-0.4471611490733629
30.88517481582261	0.06244530274779833	2.4	-0.43349470180147864
30.916358273406416	0.0646312704001857	2.4	-0.36767367181267946
30.81017875314896	0.07524944613730929	2.4	-0.3418632659758808
30.822210683846194	0.08172264668144696	2.4	-0.31422958703266507
30.87069257921496	0.09712305402400205	2.4	-0.20722119980627524
30.798375277869567	0.12190001760960073	2.4	-0.1787261602154585
30.766116790028562	0.14243852407807384	2.4	-0.254116393384283
30.727324597393107	0.15503953764663256	2.4	-0.34312482455689686
30.558380243897844	0.16093439721905017	2.4	-0.46707878429710414
30.55000078467468	0.15259164590930482	2.4	-0.6122307486758234
30.347911592302665	0.13408487636472752	2.4	-0.6229471926755593
30.380130117192166	0.1230380376033922	2.4	-0.5272884464181911
30.279659604551938	0.12030488193703345	2.4	-0.4690062950447753
30.348882674365456	0.1186626522810601	2.4	-0.47203853534240187
30.219156352955665	0.11555764873872816	2.4	-0.38055436278400734
30.269645093963717	0.12877387991914366	2.4	-0.2526810151868346
30.1405551130961	0.14740214694093415	2.4	-0.21703060107318006
30.217418886745023	0.1666581894507088	2.4	-0.18321218974710568
30.054358332032677	0.19154636221939683	2.4	-0.21437335460920748
30.00711397488807	0.20575798732034198	2.4	-0.3062378111666466
29.794719017482677	0.21553345359436435	2.4	-0.34833638156114577
29.859704440772006	0.22240834350126407	2.4	-0.4425247554417514
29.61920154088382	0.21680361852543092	2.4	-0.5627567286672124
29.60234383408219	0.20290402770929725	2.4	-0.5476314998644563
29.465979821002833	0.199470804651151	2.3	-0.31715826929193275
29.45855670212488	0.21773773981794842	2.3	-0.19606682661296776
29.49050385434161	0.23485344903192246	2.3	-0.24708914776449192
29.356968232290555	0.2450521513545521	2.3	-0.2595643189110737
29.21895387626428	0.2599873744211369	2.3	-0.2760816959041658
29.206552498781832	0.26741766222919244	2.3	-0.33922861887481576
29.019814956569604	0.2719539174313952	2.3	-0.30032231383472147
29.03829597683145	0.28551625642501804	2.3	-0.23516505771721935
28.796674195194086	0.3012375491223127	2.3	-0.1347525842314179
28.80032711527396	0.33127726249056033	2.3	-0.03747590683815555
28.58085140931543	0.36383757709745096	2.3	-0.13674076755933956
28.498411985319876	0.37745983104974007	2.3	-0.2975556343101351
28.18955368881244	0.38329059805206056	2.3	-0.3619895124317479
28.118724836074136	0.3855224030349082	2.3	-0.4077964586693376
27.85320372007051	0.3835863493071455	2.3	-0.35154710238609665
27.76999091405503	0.39448969549846347	2.2	-0.22836384793635406
27.561225219464504	0.40766740759970244	2.2	-0.2956999937767431
27.435533191877838	0.4071107997611202	2.2	-0.3411414394236328
27.266696519454996	0.4124115122051322	2.2	-0.2734031994806869
27.095312686129716	0.42284820993118366	2.2	-0.3121820780859095
26.910870749242548	0.42147577962121247	2.2	-0.40800873067760646
26.701746138138915	0.4154816019475843	2.2	-0.39238082089493626
26.589940537866397	0.4161116199149781	2.2	-0.2832045606246283
26.437876837550533	0.4280609127518565	2.1	-0.23843442611285093
26.214050603561716	0.4310405365213165	2.1	-0.38936112415067486
26.057825404211073	0.4173977163378315	2.1	-0.3963144637320651
25.740751717462274	0.41864762659714194	2.1	-0.337708070798404
25.61921511755665	0.4141006861239009	2.1	-0.3216819102415337
25.46013735989314	0.4176805765435071	2.1	-0.2873010209276766
25.30036875292423	0.4185740510459435	2.1	-0.3486381967380045
25.116722039693684	0.41159461634758554	2.0	-0.3504637279255306
24.890897514102832	0.40717934097577757	2.0	-0.33011972193745054
24.80676360192321	0.4030699372759192	2.0	-0.3738353355201608
24.637202671911737	0.3911374345693526	2.0	-0.3816817889210296
24.482104260337522	0.38520073126936055	2.0	-0.27286020062388644
24.319950351733453	0.3910060154562237	2.0	-0.24928957746298186
24.24002017090885	0.38875861414464097	2.0	-0.2471786961386232
24.090862035029218	0.39472200211437186	1.9	-0.14579719182117604
23.947451294515844	0.405073963960706	1.9	-0.13313286487259543
23.79881854724765	0.41302719642293745	1.9	-0.21701720555974013
23.599120547844905	0.40923270361075076	1.9	-0.309883897424985
23.3955804000923	0.40128686792778073	1.9	-0.2905914694689146
23.244510510016752	0.4002244288523466	1.9	-0.23454902134056427
23.11401156995794	0.40132510025178647	1.8	-0.20192436005266184
23.06436419532173	0.40174813448808294	1.8	-0.17676103163592255
22.73378279569002	0.4069646049460202	1.8	-0.18247046227425032
22.65366501703322	0.4059430345200436	1.8	-0.2181522441699868
22.386451180123615	0.40506470436075115	1.8	-0.26130351028415294
22.331595688261785	0.3963885079821075	1.8	-0.2941630889405318
22.113532876879617	0.3898375853099741	1.7	-0.2273076784213882
21.97816507210794	0.3884954034779342	1.7	-0.22837376574495152
21.803267573944964	0.38154616839578065	1.7	-0.2364724341715697
21.697925766176795	0.3785125933069794	1.7	-0.19772187557294046
21.48834331026049	0.37782907893630385	1.7	-0.15438716960092433
21.41511138613656	0.3816923552052112	1.7	-0.12241717548187522
21.235737870319184	0.3862668206487165	1.6	-0.12702540693411388
21.088908171360956	0.38609298396342645	1.6	-0.1551490555506767
20.89570829881228	0.3857774285146981	1.6	-0.23049283960318495
20.710149147042344	0.3727784471612369	1.6	-0.2776435239984582
20.6105706999806	0.3642258820891458	1.6	-0.24573868169149765
20.46907626283233	0.3563271357477447	1.6	-0.281574194507182
20.278528238612523	0.34153496727451593	1.6	-0.35861673923044024
20.130100108744628	0.32039921770018576	1.5	-0.3134418266273092
20.010875875637794	0.3100744971906153	1.5	-0.18127265091543227
19.89270684981844	0.3107362251017229	1.5	-0.15095994822308384
19.864524251498608	0.3053294220626886	1.5	-0.20472468631551088
19.70469619280074	0.2969508312919171	1.5	-0.20686455554570132
19.56940841534619	0.2909275862436022	1.5	-0.17040846237585427
19.4537526913647	0.2884150964536877	1.5	-0.18678718051837323
19.387801612359183	0.2795048936506043	1.5	-0.2390897300801173
19.29122837653108	0.26812405660613114	1.5	-0.1994054486772575
19.149975300985446	0.2656210147467759	1.5	-0.10400866187924224
19.081755719651255	0.2699544891314906	1.5	-0.14722977641336712
19.057078932204433	0.26020368879513583	1.5	-0.22969424884583234
18.9392145538949	0.2506850318551426	1.4	-0.12753383273475305
18.830395299614963	0.25544984610672083	1.4	-0.10273878413232866
18.649313699274344	0.24998823092282563	1.4	-0.2564322829679433
18.64857387103423	0.22891225277720553	1.4	-0.3380787308429009
18.479217669640065	0.2096868489245154	1.4	-0.19818606306320335
18.495704086860357	0.21161479023414156	1.4	-0.12454573679015879
18.28834756851016	0.20469368042338973	1.4	-0.18827970168278702
18.33268319901579	0.19574187012089564	1.4	-0.13388410601074452
18.20145278742885	0.1978657701530944	1.4	-0.08773850070505881
18.133518272284277	0.19649015614891743	1.4	-0.1405961383953921
18.058648987295697	0.18972701800785913	1.4	-0.18878522925636837
17.96546178866302	0.18019742131441868	1.4	-0.20694845656248445
17.95049069650426	0.17024735438636956	1.4	-0.1698558783638976
17.7829195743699	0.16681444683249755	1.4	-0.1620863500931614
17.83382054750149	0.15797098829299613	1.4	-0.21241133052083852
17.655061831049395	0.14613799640616948	1.4	-0.20928455032997473
17.730788366782818	0.13755893754819226	1.4	-0.1283349091113537
17.504123565639688	0.13923023979066865	1.4	-0.07562128056947366
17.636647278380266	0.13923023979066865	1.4	-0.0864157058722731
